33;35;0.7916114344988793;1950;VAZIO
34;50;0.6219884098004608;1950;VAZIO
35;33;0.7916114344988793;1950;VAZIO
35;44;0.5894457977323829;1950;VAZIO
36;37;0.8316482380804215;1950;VAZIO
36;41;0.7244059361167953;1950;VAZIO
36;484;0.6187293408774528;1950;VAZIO
37;36;0.8316482380804215;1950;VAZIO
37;48;0.6391117185689692;1950;VAZIO
38;41;0.5063093721959292;1950;VAZIO
38;45;0.5662407174830185;1950;VAZIO
39;55;0.5231185040219146;1950;VAZIO
41;36;0.7244059361167953;1950;VAZIO
41;38;0.5063093721959292;1950;VAZIO
41;46;0.5118520360465211;1950;VAZIO
43;44;0.6676168124924957;1950;VAZIO
44;35;0.5894457977323829;1950;VAZIO
44;43;0.6676168124924957;1950;VAZIO
44;51;0.8736016747382779;1950;VAZIO
44;471;0.6429710919727408;1950;VAZIO
45;38;0.5662407174830185;1950;VAZIO
46;41;0.5118520360465211;1950;VAZIO
46;47;0.7328907193708285;1950;VAZIO
47;46;0.7328907193708285;1950;VAZIO
47;53;0.8095652794673891;1950;VAZIO
48;37;0.6391117185689692;1950;VAZIO
48;52;0.7544742460362053;1950;VAZIO
49;54;0.8823220087409468;1950;VAZIO
50;34;0.6219884098004608;1950;VAZIO
50;285;0.4997094456537155;1950;VAZIO
51;44;0.8736016747382779;1950;VAZIO
52;48;0.7544742460362053;1950;VAZIO
52;252;0.7901768977789086;1950;VAZIO
53;47;0.8095652794673891;1950;VAZIO
53;54;0.5592378951085282;1950;VAZIO
54;49;0.8823220087409468;1950;VAZIO
54;53;0.5592378951085282;1950;VAZIO
55;39;0.5231185040219146;1950;VAZIO
55;57;0.7085959964143059;1950;VAZIO
57;55;0.7085959964143059;1950;VAZIO
57;484;0.5964428430558325;1950;VAZIO
222;228;0.7125168312897753;1950;VAZIO
222;232;0.6359719157576734;1950;VAZIO
222;245;0.8519856576139582;1950;VAZIO
225;231;0.5265012317111463;1950;VAZIO
225;235;0.6541945302663905;1950;VAZIO
225;240;0.8814279899310352;1950;VAZIO
226;231;0.8385294044812581;1950;VAZIO
226;241;0.8541991491950691;1950;VAZIO
227;232;0.5491545602134796;1950;VAZIO
227;256;0.6963915856806806;1950;VAZIO
227;292;0.5475478533263142;1950;VAZIO
228;222;0.7125168312897753;1950;VAZIO
228;250;0.6961306261595175;1950;VAZIO
229;233;0.32179928925482976;1950;VAZIO
230;235;0.453634226176578;1950;VAZIO
230;255;0.8730720159753412;1950;VAZIO
231;225;0.5265012317111463;1950;VAZIO
231;226;0.8385294044812581;1950;VAZIO
232;222;0.6359719157576734;1950;VAZIO
232;227;0.5491545602134796;1950;VAZIO
233;229;0.32179928925482976;1950;VAZIO
233;253;0.7534316144675911;1950;VAZIO
233;260;0.753444502628176;1950;VAZIO
234;241;0.37656716679108176;1950;VAZIO
234;246;0.8294445806891154;1950;VAZIO
235;225;0.6541945302663905;1950;VAZIO
235;230;0.453634226176578;1950;VAZIO
235;238;0.7706456100500463;1950;VAZIO
235;247;0.7654649498975405;1950;VAZIO
236;244;0.7994495000440545;1950;VAZIO
236;247;0.8055080537060895;1950;VAZIO
236;256;0.7810285381946995;1950;VAZIO
237;247;0.5016399316691342;1950;VAZIO
238;235;0.7706456100500463;1950;VAZIO
239;249;0.5224130764283955;1950;VAZIO
239;254;0.639219642015233;1950;VAZIO
240;225;0.8814279899310352;1950;VAZIO
241;226;0.8541991491950691;1950;VAZIO
241;234;0.37656716679108176;1950;VAZIO
242;259;0.5142268109287272;1950;VAZIO
243;245;0.6966221084325537;1950;VAZIO
243;258;0.5567472806005672;1950;VAZIO
243;259;0.8418571189010056;1950;VAZIO
244;236;0.7994495000440545;1950;VAZIO
244;252;0.49944981161314345;1950;VAZIO
245;222;0.8519856576139582;1950;VAZIO
245;243;0.6966221084325537;1950;VAZIO
246;234;0.8294445806891154;1950;VAZIO
247;235;0.7654649498975405;1950;VAZIO
247;236;0.8055080537060895;1950;VAZIO
247;237;0.5016399316691342;1950;VAZIO
247;251;4.9E-324;1950;VAZIO
248;254;0.8875476109066455;1950;VAZIO
249;239;0.5224130764283955;1950;VAZIO
249;258;0.5220123357177836;1950;VAZIO
250;228;0.6961306261595175;1950;VAZIO
251;247;4.9E-324;1950;VAZIO
252;52;0.7901768977789086;1950;VAZIO
252;244;0.49944981161314345;1950;VAZIO
253;233;0.7534316144675911;1950;VAZIO
254;239;0.639219642015233;1950;VAZIO
254;248;0.8875476109066455;1950;VAZIO
255;230;0.8730720159753412;1950;VAZIO
256;227;0.6963915856806806;1950;VAZIO
256;236;0.7810285381946995;1950;VAZIO
258;243;0.5567472806005672;1950;VAZIO
258;249;0.5220123357177836;1950;VAZIO
259;242;0.5142268109287272;1950;VAZIO
259;243;0.8418571189010056;1950;VAZIO
259;260;0.7029932323013844;1950;VAZIO
260;233;0.753444502628176;1950;VAZIO
260;259;0.7029932323013844;1950;VAZIO
262;276;0.6113307270973162;1950;VAZIO
262;283;0.7758755182171614;1950;VAZIO
262;285;0.603729934223029;1950;VAZIO
262;685;0.8190426335996178;1950;VAZIO
263;269;0.8481614562018804;1950;VAZIO
264;298;0.7697565609273191;1950;VAZIO
265;293;0.5231185040219146;1950;VAZIO
265;308;0.6095144375859531;1950;VAZIO
266;276;0.763325263158985;1950;VAZIO
266;310;0.8925999732913494;1950;VAZIO
267;275;0.845568367626395;1950;VAZIO
267;280;0.7258346894484666;1950;VAZIO
269;263;0.8481614562018804;1950;VAZIO
269;277;0.7177140874203887;1950;VAZIO
269;298;0.7392551834328354;1950;VAZIO
274;291;0.7552984396673507;1950;VAZIO
274;305;0.718506806996776;1950;VAZIO
275;267;0.845568367626395;1950;VAZIO
276;262;0.6113307270973162;1950;VAZIO
276;266;0.763325263158985;1950;VAZIO
277;269;0.7177140874203887;1950;VAZIO
278;302;0.9508842240196209;1950;VAZIO
278;308;0.8738696536328324;1950;VAZIO
279;482;0.625365244319074;1950;VAZIO
280;267;0.7258346894484666;1950;VAZIO
280;283;0.6400118252882153;1950;VAZIO
280;298;0.5713193250580284;1950;VAZIO
281;282;0.46536681681135655;1950;VAZIO
281;289;0.7902320470023928;1950;VAZIO
282;281;0.46536681681135655;1950;VAZIO
282;299;0.9056454689426793;1950;VAZIO
283;262;0.7758755182171614;1950;VAZIO
283;280;0.6400118252882153;1950;VAZIO
283;291;0.48182090600587263;1950;VAZIO
284;303;0.566714099710268;1950;VAZIO
285;50;0.4997094456537155;1950;VAZIO
285;262;0.603729934223029;1950;VAZIO
286;300;0.6672412708250118;1950;VAZIO
288;295;0.5220123357177836;1950;VAZIO
289;281;0.7902320470023928;1950;VAZIO
289;461;0.5332218887018947;1950;VAZIO
291;274;0.7552984396673507;1950;VAZIO
291;283;0.48182090600587263;1950;VAZIO
292;227;0.5475478533263142;1950;VAZIO
293;265;0.5231185040219146;1950;VAZIO
293;301;0.835277028275467;1950;VAZIO
293;686;0.7342653680836375;1950;VAZIO
295;288;0.5220123357177836;1950;VAZIO
295;300;0.7883424750778865;1950;VAZIO
295;301;0.6483878671547668;1950;VAZIO
298;264;0.7697565609273191;1950;VAZIO
298;269;0.7392551834328354;1950;VAZIO
298;280;0.5713193250580284;1950;VAZIO
299;282;0.9056454689426793;1950;VAZIO
300;286;0.6672412708250118;1950;VAZIO
300;295;0.7883424750778865;1950;VAZIO
300;307;0.5681256028165292;1950;VAZIO
301;293;0.835277028275467;1950;VAZIO
301;295;0.6483878671547668;1950;VAZIO
302;278;0.9508842240196209;1950;VAZIO
303;284;0.566714099710268;1950;VAZIO
303;304;0.6197170255841201;1950;VAZIO
303;307;0.586117029358338;1950;VAZIO
303;310;0.5731249757865152;1950;VAZIO
304;303;0.6197170255841201;1950;VAZIO
305;274;0.718506806996776;1950;VAZIO
307;300;0.5681256028165292;1950;VAZIO
307;303;0.586117029358338;1950;VAZIO
308;265;0.6095144375859531;1950;VAZIO
308;278;0.8738696536328324;1950;VAZIO
310;266;0.8925999732913494;1950;VAZIO
310;303;0.5731249757865152;1950;VAZIO
420;485;0.5224130764283955;1950;VAZIO
459;461;0.7929901072428859;1950;VAZIO
459;463;0.8778305080392202;1950;VAZIO
461;289;0.5332218887018947;1950;VAZIO
461;459;0.7929901072428859;1950;VAZIO
463;459;0.8778305080392202;1950;VAZIO
463;487;0.5186355011991705;1950;VAZIO
465;477;0.7622602753176788;1950;VAZIO
466;468;0.8069821155650397;1950;VAZIO
467;468;0.6098964487984553;1950;VAZIO
467;491;0.5580319039163238;1950;VAZIO
467;708;0.6197170255841201;1950;VAZIO
468;466;0.8069821155650397;1950;VAZIO
468;467;0.6098964487984553;1950;VAZIO
468;481;0.6805498633059868;1950;VAZIO
468;482;0.6884010672306939;1950;VAZIO
468;483;0.5888633772147421;1950;VAZIO
468;488;0.5324140623542227;1950;VAZIO
469;473;0.7724525992143382;1950;VAZIO
469;474;0.8077724337216046;1950;VAZIO
469;475;0.7767022776752289;1950;VAZIO
471;44;0.6429710919727408;1950;VAZIO
471;770;0.885687044753559;1950;VAZIO
472;477;0.7702710340257497;1950;VAZIO
472;481;0.6684939663428742;1950;VAZIO
472;763;0.6875658666445299;1950;VAZIO
473;469;0.7724525992143382;1950;VAZIO
473;485;0.6599357867538602;1950;VAZIO
474;469;0.8077724337216046;1950;VAZIO
475;469;0.7767022776752289;1950;VAZIO
476;478;0.8412530403536329;1950;VAZIO
477;465;0.7622602753176788;1950;VAZIO
477;472;0.7702710340257497;1950;VAZIO
477;478;0.8187865728317933;1950;VAZIO
478;476;0.8412530403536329;1950;VAZIO
478;477;0.8187865728317933;1950;VAZIO
479;480;0.7988910935417668;1950;VAZIO
479;488;0.6733493690739383;1950;VAZIO
480;479;0.7988910935417668;1950;VAZIO
481;468;0.6805498633059868;1950;VAZIO
481;472;0.6684939663428742;1950;VAZIO
482;279;0.625365244319074;1950;VAZIO
482;468;0.6884010672306939;1950;VAZIO
483;468;0.5888633772147421;1950;VAZIO
483;484;0.8030675102006897;1950;VAZIO
484;36;0.6187293408774528;1950;VAZIO
484;57;0.5964428430558325;1950;VAZIO
484;483;0.8030675102006897;1950;VAZIO
485;420;0.5224130764283955;1950;VAZIO
485;473;0.6599357867538602;1950;VAZIO
485;488;0.663707480991705;1950;VAZIO
487;463;0.5186355011991705;1950;VAZIO
487;488;0.7972039995265245;1950;VAZIO
488;468;0.5324140623542227;1950;VAZIO
488;479;0.6733493690739383;1950;VAZIO
488;485;0.663707480991705;1950;VAZIO
488;487;0.7972039995265245;1950;VAZIO
488;490;0.590529257175183;1950;VAZIO
490;488;0.590529257175183;1950;VAZIO
491;467;0.5580319039163238;1950;VAZIO
491;492;0.6011379729273016;1950;VAZIO
492;491;0.6011379729273016;1950;VAZIO
492;494;1.0;1950;VAZIO
494;492;1.0;1950;VAZIO
673;675;0.7235822691859919;1950;VAZIO
673;717;0.8004068512920409;1950;VAZIO
674;699;0.8439423347218425;1950;VAZIO
674;718;0.7140704433451152;1950;VAZIO
675;673;0.7235822691859919;1950;VAZIO
675;708;0.5160090743513601;1950;VAZIO
676;678;0.8715456255772493;1950;VAZIO
676;684;0.5325736406740313;1950;VAZIO
676;692;0.5508231137403238;1950;VAZIO
678;676;0.8715456255772493;1950;VAZIO
678;679;0.7399871813690337;1950;VAZIO
679;678;0.7399871813690337;1950;VAZIO
680;685;0.7922899670059104;1950;VAZIO
680;702;0.8476916925751513;1950;VAZIO
681;683;0.6544233135284836;1950;VAZIO
681;684;0.7947256931629832;1950;VAZIO
681;704;0.6960919268677597;1950;VAZIO
682;683;0.7180511330664228;1950;VAZIO
682;706;0.6552082184278017;1950;VAZIO
683;681;0.6544233135284836;1950;VAZIO
683;682;0.7180511330664228;1950;VAZIO
683;688;0.6386805346828434;1950;VAZIO
684;676;0.5325736406740313;1950;VAZIO
684;681;0.7947256931629832;1950;VAZIO
684;687;0.5138921506318908;1950;VAZIO
685;262;0.8190426335996178;1950;VAZIO
685;680;0.7922899670059104;1950;VAZIO
686;293;0.7342653680836375;1950;VAZIO
687;684;0.5138921506318908;1950;VAZIO
687;689;0.8491271593108987;1950;VAZIO
687;690;0.9844528640162652;1950;VAZIO
688;683;0.6386805346828434;1950;VAZIO
688;720;0.5388671656229116;1950;VAZIO
689;687;0.8491271593108987;1950;VAZIO
690;687;0.9844528640162652;1950;VAZIO
690;695;0.6088548916837089;1950;VAZIO
692;676;0.5508231137403238;1950;VAZIO
692;709;0.5894605882973462;1950;VAZIO
693;695;0.8957325275273568;1950;VAZIO
693;701;0.5790649755000371;1950;VAZIO
694;704;0.984368585934158;1950;VAZIO
695;690;0.6088548916837089;1950;VAZIO
695;693;0.8957325275273568;1950;VAZIO
698;718;0.842813965679551;1950;VAZIO
699;674;0.8439423347218425;1950;VAZIO
699;717;0.670181874615345;1950;VAZIO
700;718;0.3948717836229086;1950;VAZIO
701;693;0.5790649755000371;1950;VAZIO
702;680;0.8476916925751513;1950;VAZIO
702;703;0.6749130133279002;1950;VAZIO
702;704;0.5644122234192706;1950;VAZIO
703;702;0.6749130133279002;1950;VAZIO
704;681;0.6960919268677597;1950;VAZIO
704;694;0.984368585934158;1950;VAZIO
704;702;0.5644122234192706;1950;VAZIO
706;682;0.6552082184278017;1950;VAZIO
707;708;0.8777466809820956;1950;VAZIO
708;467;0.6197170255841201;1950;VAZIO
708;675;0.5160090743513601;1950;VAZIO
708;707;0.8777466809820956;1950;VAZIO
709;692;0.5894605882973462;1950;VAZIO
709;711;0.45142624532016284;1950;VAZIO
709;715;0.7695764947878978;1950;VAZIO
711;709;0.45142624532016284;1950;VAZIO
711;712;0.9039537986166782;1950;VAZIO
711;714;0.7590640967015422;1950;VAZIO
712;711;0.9039537986166782;1950;VAZIO
714;711;0.7590640967015422;1950;VAZIO
715;709;0.7695764947878978;1950;VAZIO
715;718;0.48708436618011225;1950;VAZIO
717;673;0.8004068512920409;1950;VAZIO
717;699;0.670181874615345;1950;VAZIO
718;674;0.7140704433451152;1950;VAZIO
718;698;0.842813965679551;1950;VAZIO
718;700;0.3948717836229086;1950;VAZIO
718;715;0.48708436618011225;1950;VAZIO
719;721;0.7891403833166475;1950;VAZIO
720;688;0.5388671656229116;1950;VAZIO
720;721;0.7808813094424966;1950;VAZIO
721;719;0.7891403833166475;1950;VAZIO
721;720;0.7808813094424966;1950;VAZIO
763;472;0.6875658666445299;1950;VAZIO
763;773;0.7067829120778113;1950;VAZIO
770;471;0.885687044753559;1950;VAZIO
770;773;0.8979444390927862;1950;VAZIO
773;763;0.7067829120778113;1950;VAZIO
773;770;0.8979444390927862;1950;VAZIO
